AUC: 0.9920159610107364
F1: 0.9026056333073629
PRECISION: 0.824032403240324
RECALL: 0.9977424879339872
TN: 341590
FN: 29
TP: 12817
FP: 2737
#Test_AUC: 0.9920±0.0000
