AUC: 0.99204472938908
F1: 0.9029235641399506
PRECISION: 0.8245625321667525
RECALL: 0.9977424879339872
TN: 341600
FN: 29
TP: 12817
FP: 2727
#Test_AUC: 0.9920±0.0000