only 10% malicious:
AUC: 0.9968794542178714
F1: 0.9588211088249212
PRECISION: 0.9227557411273486
RECALL: 0.9978203331776428
TN: 343254
FN: 28
TP: 12818
FP: 1073
plot test drawing...
#Test_AUC: 0.9969±0.0000

del 10% malicious malicious test:
AUC: 0.9968988835269639
F1: 0.9546885349548352
PRECISION: 0.9159910983945319
RECALL: 0.9967998616156374
TN: 343270
FN: 37
TP: 11525
FP: 1057