AUC: 0.9986570913754105
F1: 0.9912107267193786
PRECISION: 0.9826127454785376
RECALL: 0.9999605039693511
TN: 319000
FN: 1
TP: 25318
FP: 448
#Test_AUC: 0.9987±0.0000
