AUC: 0.9986577396113947
F1: 0.9911719219069131
PRECISION: 0.9825364793542378
RECALL: 0.9999605039693511
TN: 318998
FN: 1
TP: 25318
FP: 450
#Test_AUC: 0.9987±0.0000
