(1279199, 64)
0
(344767, 64)
skip_benign: 0,x_test.shape[0]: 344767
AUC: 0.9988500472297097
F1: 0.9876726217985853
PRECISION: 0.9756830706385603
RECALL: 0.9999605039693511
TN: 318817
FN: 1
TP: 25318
FP: 631
plot test drawing...
#Test_AUC: 0.9989±0.0000
