AUC: 0.9989808445725123
F1: 0.9930574617475233
PRECISION: 0.9862490748315219
RECALL: 0.9999605039693511
TN: 319095
FN: 1
TP: 25318
FP: 353
#Test_AUC: 0.9990±0.0000


AUC: 0.9989808445725123
F1: 0.9930574617475233
PRECISION: 0.9862490748315219
RECALL: 0.9999605039693511
TN: 319095
FN: 1
TP: 25318
FP: 353
#Test_AUC: 0.9990±0.0000

new:
AUC: 0.9989852103670649
F1: 0.9930964143427317
PRECISION: 0.9863259184230005
RECALL: 0.9999605039693511
TN: 319097
FN: 1
FP: 351