AUC: 0.9971154664193654
F1: 0.9479400926619119
PRECISION: 0.9011874975177727
RECALL: 0.9998090650060218
TN: 608557
FN: 13
TP: 68073
FP: 7464
#Test_AUC: 0.9971±0.0000