AUC: 0.9971220467643578
F1: 0.9479408176040444
PRECISION: 0.9011768755212539
RECALL: 0.9998237523132509
TN: 608556
FN: 12
TP: 68074
FP: 7465
#Test_AUC: 0.9971±0.0000
AUC: 0.9971154664193654
F1: 0.9479400926619119
PRECISION: 0.9011874975177727
RECALL: 0.9998090650060218
TN: 608557
FN: 13
TP: 68073
FP: 7464
#Test_AUC: 0.9971±0.0000
AUC: 0.9971154664193654
F1: 0.9479400926619119
PRECISION: 0.9011874975177727
RECALL: 0.9998090650060218
TN: 608557
FN: 13
TP: 68073
FP: 7464
#Test_AUC: 0.9971±0.0000
skip_benign: 2605301,x_test.shape[0]: 3288676
AUC: 0.9971154664193654
F1: 0.9479400926619119
PRECISION: 0.9011874975177727
RECALL: 0.9998090650060218
TN: 608557
FN: 13
TP: 68073
FP: 7464
#Test_AUC: 0.9971±0.0000
