only 10% malicious:
PRECISION: 0.9773999942566695
RECALL: 0.9997943776987928
TN: 614447
FN: 14
TP: 68072
FP: 1574
plot test drawing...
#Test_AUC: 0.9999±0.0000

del malicious in test
AUC: 0.999917933980397
F1: 0.99948602846186
PRECISION: 0.9993311255036951
RECALL: 0.9996409804497536
TN: 615980
FN: 22
TP: 61256
FP: 41
plot test drawing...
#Test_AUC: 0.9999±0.0000