native:
AUC: 0.9997029999999999+0.0005786976758204723
F1: 0.9968968355465048+0.006025929450581507
PRECISION: 0.9938838399030594+0.011813928858864547
RECALL: 1.0+0.0
TN: 99.37+1.230081298126266
FN: 0.0+0.0
TP: 100.0+0.0
FP: 0.63+1.230081298126266
#Test_AUC: 0.9997±0.0006

10% malicious:
AUC: 1.0+0.0
PRECISION: 1.0+0.0
RECALL: 1.0+0.0
TN: 100.0+0.0
FN: 0.0+0.0
TP: 100.0+0.0
FP: 0.0+0.0
AUC (Best 2 by F1): 1.0+0.0
F1 (Best 2): 0.9999999995+0.0
PRECISION (Best 2 by F1): 1.0+0.0
RECALL (Best 2 by F1): 1.0+0.0
TN (Best 2 by F1): 100.0+0.0
FN (Best 2 by F1): 0.0+0.0
TP (Best 2 by F1): 100.0+0.0
FP (Best 2 by F1): 0.0+0.0
#Test_AUC: 1.0000±0.0000

another 10%  malicious:
AUC: 0.9999716000000001+8.918206097639955e-05
F1: 0.9993681587039817+0.001656581949628212
PRECISION: 0.9987425742574257+0.0032967620977831405
RECALL: 1.0+0.0
TN: 99.873+0.33297297187609687
FN: 0.0+0.0
TP: 100.0+0.0
FP: 0.127+0.33297297187609687